Conv2d
224
224
3
3
3
64
1
32
BiasAdd
224
224
Conv2d
224
224
3
3
64
64
1
32
BiasAdd
224
224
MaxPool
224
224
2
2
Conv2d
111
111
3
3
64
128
1
32
BiasAdd
111
111
Conv2d
111
111
3
3
128
128
1
32
BiasAdd
111
111
MaxPool
111
111
2
2
Conv2d
55
55
3
3
128
256
1
32
BiasAdd
55
55
Conv2d
55
55
3
3
256
256
1
32
BiasAdd
55
55
Conv2d
55
55
3
3
256
256
1
32
BiasAdd
55
55
MaxPool
55
55
2
2
Conv2d
27
27
3
3
256
512
1
32
BiasAdd
27
27
Conv2d
27
27
3
3
512
512
1
32
BiasAdd
27
27
Conv2d
27
27
3
3
512
512
1
32
BiasAdd
27
27
MaxPool
27
27
2
2
Conv2d
13
13
3
3
512
512
1
32
BiasAdd
13
13
Conv2d
13
13
3
3
512
512
1
32
BiasAdd
13
13
Conv2d
13
13
3
3
512
512
1
32
BiasAdd
13
13
MaxPool
13
13
2
2
MatMul
32
18432
18432
4096
BiasAdd
32
4096
MatMul
32
4096
4096
4096
BiasAdd
32
4096
MatMul
32
4096
4096
1000
BiasAdd
32
1000
Softmax
32
1000
